.Random.seed <-
c(403L, 604L, -1200425374L, 306158933L, 1214011393L, 1858201439L, 
-1603423884L, 1384130079L, -1591861219L, 1570014177L, 1482060288L, 
1052797427L, 1503534166L, 1071885366L, -250805563L, 771297301L, 
-1542260179L, -1518840829L, -1299509198L, -1645198155L, 1084768950L, 
187225089L, 1533161082L, 305543479L, 173316599L, -83368671L, 
-313003998L, 160175879L, 1333344181L, 1550859024L, 1438054968L, 
-1147777698L, 2099990309L, 1270457153L, -1177060918L, 1262173889L, 
-400990247L, 1123051077L, -481023687L, -1341003676L, 1258339898L, 
1035564748L, 1664504385L, 1481854210L, -1499931568L, 522338690L, 
-548606633L, 1917924602L, -1088401937L, -2145065506L, -332544784L, 
-1128684091L, -1155916479L, -880024124L, -734994928L, -889800397L, 
-86591958L, 483857358L, -788064364L, 2096427828L, -1622579131L, 
622406980L, -1580798142L, 492571676L, -912685705L, -1005869307L, 
-1743253301L, 318301425L, -136603670L, -890322621L, 685554437L, 
-617847080L, -1804255412L, -2041821406L, -1779002648L, 1467695470L, 
475078081L, -1492012906L, -288183915L, -621185859L, -301194087L, 
-45723987L, 589881447L, 1427935963L, 564284535L, 659869059L, 
1436861801L, -667607138L, 1137471390L, -638940236L, -189775866L, 
-1923095960L, 2147216795L, 1665915612L, 620547249L, -1275903146L, 
-1145113551L, 2109689644L, 275731033L, 1704136229L, 1953106050L, 
337458213L, 2081166781L, -43323389L, 701384850L, -802211818L, 
-1333091548L, 910498628L, 217957650L, 446254028L, -1156040129L, 
-1298315119L, -224554658L, 491437181L, -1634994739L, -1051705368L, 
-218132313L, 894817132L, -724079281L, 1675051590L, 1100351000L, 
-1749426082L, 930842427L, 1518303837L, 510710161L, -848226810L, 
-118097764L, -1407228079L, -1002330312L, 872750405L, -1064497990L, 
-1905216548L, -478654456L, -1672815122L, 130215446L, -537226914L, 
635560213L, 363718110L, 752279977L, -684086641L, -1364662747L, 
695227554L, -10838387L, 758263282L, -209175752L, -1724237250L, 
648275407L, 1096259833L, 953592385L, 337832420L, -574595569L, 
-1659700131L, 314814462L, -564285880L, -145914785L, -309631019L, 
-834089243L, -1962098448L, -1599592645L, 353894631L, -954768724L, 
1834931248L, 361960024L, 867490433L, 1961184883L, 1195129172L, 
-1870139445L, -613509274L, -1778102948L, 1637711190L, -626682358L, 
-1753425943L, -36762951L, -1099322235L, -749596298L, 736131348L, 
-2147263447L, -2067572738L, -1050862949L, 587492913L, 1619544954L, 
1218234718L, -1694167037L, 1701065042L, 1197791845L, 1955682378L, 
-442087127L, -1630838740L, -434004735L, -697021525L, -357605126L, 
1528121589L, -215727503L, 104930833L, -1650944189L, 49754961L, 
-792379041L, 759870066L, 1187155536L, 1375131911L, 1876650324L, 
1832706425L, 1422506692L, -594573538L, -11280659L, -721780719L, 
-675142021L, -1029021922L, -983271758L, -1621372395L, 1292231448L, 
-911683822L, -347523608L, -1093555344L, -286183127L, 2098738216L, 
1422810765L, 2025588581L, -958464662L, 1246008234L, -903382174L, 
767708034L, -427223627L, 60066895L, -1463554370L, -778254804L, 
2118172404L, 842340585L, -104702630L, -957298470L, 190823377L, 
519748632L, 50725062L, 832904982L, -45827813L, -384209361L, 1079804905L, 
-800282987L, -1518403499L, -795550728L, 1609869125L, 686739525L, 
1171624514L, 666229480L, -1121388913L, 1930696119L, -1014992949L, 
1898090516L, 686507152L, 2049381817L, -1617900379L, 22575801L, 
-1991804447L, -991713176L, -1788983093L, 260097665L, -668999957L, 
-1577723107L, 217641904L, 400925366L, -12152126L, -403835434L, 
1377704980L, -649209602L, 828005267L, -1118156833L, -1361090065L, 
-1445096658L, 1819404409L, -2047456580L, -212532633L, -1874197499L, 
801517423L, -844359383L, 252479943L, -1732993133L, 1496813006L, 
1942503803L, 923138835L, 879019219L, -1455874156L, 345695190L, 
1548073073L, 1911709496L, -1293871644L, 1085606669L, 991146447L, 
-1319081653L, 1276191056L, 675221197L, -1717947122L, -461376863L, 
-302323685L, -1457460319L, -1127458541L, -830515099L, -1765497658L, 
-276094794L, 801756000L, 1893991367L, -1110993895L, -2075994779L, 
-1754391763L, -2116712225L, 1087321892L, 1304879735L, 1632078010L, 
476579503L, 1449151735L, -1725209003L, -931448302L, -1026124518L, 
454709296L, -216332602L, -1734517192L, -744752020L, 1149736280L, 
515633376L, 499258011L, -1432340257L, -1284300891L, 419658026L, 
1973028868L, -1544529572L, -10317599L, 1555682690L, 1669617396L, 
-1768601396L, -1644670109L, 919258327L, -1709609170L, -1815500291L, 
1239113869L, 584567174L, -1323708668L, 1633240812L, -514098511L, 
1629866493L, 634576975L, 1617632314L, -846482740L, -701275744L, 
-1977445799L, 2077152945L, 999401505L, -927270702L, 710734397L, 
33785631L, 820795761L, -1908459052L, -1975404888L, 2127289565L, 
-325122490L, -1639656573L, -1082738855L, -460882369L, -1931577002L, 
864895001L, 163005963L, -241550484L, -301413382L, -1699581233L, 
1171287132L, 1235081871L, -1241809057L, -835996106L, -915867935L, 
1378674849L, -169526266L, -2119775513L, 815176073L, 360703006L, 
-1997561523L, -1514562193L, -1623158506L, 2073025994L, 64912529L, 
-515826898L, 66094738L, -1451758300L, 1533870634L, 671818257L, 
76326419L, 2054054027L, -1108973761L, 1008283066L, -122598144L, 
623805136L, -908730969L, -1325450869L, 756053051L, -27929326L, 
1387291692L, -87577886L, -1567526411L, 1237239087L, -1506517792L, 
-1089598082L, -1492497525L, -1986638948L, 1618322656L, -1151826131L, 
1458836868L, 1361035238L, 1388368L, -899660521L, -1209327761L, 
-347616626L, -1634553162L, 600819103L, 784261158L, 1246511868L, 
829186715L, 1725099206L, 1296822925L, 1292089773L, 865435309L, 
266901067L, -1474811474L, 107719380L, -638858277L, 2078874075L, 
147474223L, 1454962993L, -728528151L, 858490207L, 20874844L, 
1513598564L, 828480947L, 332520574L, 976172756L, 1817266861L, 
626169371L, -452020477L, 1937087809L, -1192570486L, -473976398L, 
-48755274L, -1664846262L, 1748909952L, 451417251L, -1442276745L, 
-418150800L, -2054098199L, -856633010L, 1846976186L, -1110203878L, 
904219866L, 1388574241L, -1895130203L, 811584436L, -165095723L, 
1478539101L, 1635189886L, -1011300904L, -787792760L, 17622017L, 
-591204065L, -2095451601L, 1859003155L, -230551187L, 1763672243L, 
1236851936L, -1818706304L, 1142560662L, 1608140425L, 1144515950L, 
-406340309L, 124107940L, 1596114329L, 105313814L, -1639377496L, 
1288850851L, -1199391231L, -1376702574L, -1164508700L, -1482587493L, 
1398281630L, 1007939285L, 644688594L, -1171590516L, -472922447L, 
-1108922274L, 59989608L, 66280292L, 208499360L, 1801838074L, 
52581555L, -1086178825L, 1380801743L, -522327146L, -1529616541L, 
-1593750929L, -1912570912L, 1984385311L, 877090214L, 1974880055L, 
1994621654L, -1269474505L, 1949070038L, -517557011L, -429617174L, 
286734242L, 972539529L, -1563316829L, 957645371L, 86680345L, 
2133888908L, 423968509L, 195405591L, -209748545L, 642354640L, 
-176497090L, -2098481624L, -620380102L, 1641840026L, -1211512444L, 
-1748262176L, 892994187L, -1112444802L, 852935562L, 1403695995L, 
1825661151L, 328237292L, -134367108L, -1081139092L, 1600567774L, 
-1213235552L, -230152616L, -952065089L, -1965363242L, 762974272L, 
-672400949L, -2119716431L, -797582595L, -2040900255L, -1975596123L, 
-1728092131L, -2079554653L, -1659090352L, -925352367L, -1585033849L, 
-595587374L, -1553945368L, 170394108L, 1493986643L, -1626728369L, 
764964513L, -1546310782L, 15230106L, -2126318715L, 179974816L, 
730343659L, -307784948L, 752662007L, 1239207595L, -68639346L, 
126787803L, -978112383L, 313494947L, -1935213686L, 894017244L, 
804158539L, 668566611L, -760450242L, 1929435686L, 191302695L, 
-2127076123L, 12029248L, 2068703757L, -847411312L, -1125769216L, 
-549079009L, -674266172L, 910071780L, -1309869508L, -1359638413L, 
-241160873L, -2119775981L, 1260694369L, -1617708751L, -1935501381L, 
-451634819L, -235156492L, 869778586L, 303099438L, 1158938179L, 
641421773L, -1270957481L, -1971154649L, -955170280L, -2016512564L, 
581444156L, -856883131L, -1950143673L, 1113484940L, -1700982624L, 
695235654L, 842002933L, -194123978L, -1545854981L, 1601089601L, 
